-0.8233408623640912, -71.57949700625221
50.00285151544856, -0.58970584563661
46.83928196058289, 6.47981233749308
50.20359987878373, 0.25565498118427943
45.32794994647751, 7.6153135772516825
50.74284347551567, 0.5656679253686605
46.04556001795025, 7.738084596150696
50.62516858237899, -0.46377763709531816
46.96364530431399, 6.309970067323412
51.537897950834946, 0.10204236405184575
45.66485844170105, 6.946656805767952
51.046758280844195, -0.3223589092665602
46.565486861061785, 6.209153591990548
51.66923348688805, 0.5555643784919198
46.5321811742163, 6.194136656046905
51.40662911666964, 0.6067759478685621
45.217213142644496, 6.840274231045791
50.79098952007454, -0.8142146669291419
45.566630343074905, 7.977413149084216
50.58023374410262, 0.9401484324646958
46.38520230834449, 7.604569953852681
51.755135824965386, 0.1613000724244451
45.034360871308, 7.19381993452273
50.061127186010395, -0.39147217661462363
45.86015958052187, 7.079422322310992
50.13604687739855, -0.3940809143666968
45.6046847825412, 6.565976227430418
51.43789257957947, 0.27533753780140113
46.568529943789464, 7.04386934231201
51.402805411975066, -0.6068821962369497
45.76475769549576, 6.128873248882774
51.09214342117318, -0.5761314351557214
45.252486978660855, 7.669963143128878
50.61423704806206, 0.18752362260870892
46.93400870084842, 7.3837798674782755
50.109967005127736, -0.7594469833010957
46.4911661791267, 6.517558328960925
50.87158377714128, 0.9962485628275382
45.65848532828025, 6.109087727689516
50.38069019063848, 0.3289408642281495
45.34686843068079, 6.920723114542287
51.64889554983133, 0.7633939938210568
45.474343228486426, 6.273749745820253
51.99113327160783, -0.6249175997552296
46.054353724980054, 7.639967851229943
51.99788678012492, -0.8381453508767349
46.81260684404207, 7.348008366948168
51.93617244872506, -0.029774681998384622
46.396542847056814, 6.146398842363781
51.03009630649887, 0.3421422324505603
48.10788462993253, 3.188266037514088
50.390894062567135, -0.2045510262147241
45.520227752052726, 7.934775921371257
50.322801665882565, -0.35555971985122725
45.30640441405083, 6.446228099042527
50.299783844630156, 0.014682945618736953
45.07565333683646, 7.227631677259787
51.96043030504093, -0.3271135460517005
46.693623772366045, 6.115843606349559
50.04900754071247, 0.08500383144655865
46.96033167660768, 6.393256717412313
51.575320134895236, -0.9083921902356902
46.571001332783794, 7.265259686436672
50.521121599557176, 0.3562189180165658
46.73601184615214, 6.270212924530568
50.1583252369923, -0.5474061473017033
45.694802700734485, 6.884688667094921
50.09519541040025, -0.5567283603079758
45.02856353934917, 6.000945577995182
51.58366804684468, 0.8974849739184003
45.24515567692728, 6.097581620072272
51.18108664941844, -0.1131093971094812
45.05189517420122, 7.563400510314145
50.26132538299686, -0.8239077428814929
45.325245506356374, 6.755639804569557
50.828316728226675, 0.604939642919124
46.83511333572292, 6.543210839413757
51.03429510454094, 0.7387293473772776
46.39811120081003, 7.843062548186195
50.51434042591261, 0.15619937075692558
45.88802610068452, 6.532648405455012
50.1673018891129, -0.8754972617856513
45.538607686243026, 7.151108284078186
51.55255941220462, -0.9771659364312442
46.50635171276574, 6.332715187417961
50.26693714489814, 0.855276012067657
46.29431130869456, 7.10199190656306
51.20896723821143, 0.7047641164725527
45.83652394951576, 7.12695646870983
51.03383648788649, -0.7270234317402056
45.96904828058527, 7.314594537354148
50.85878462618668, 0.8599085536218658
46.909492563546, 7.359471912076508
51.03757813511823, -0.23870631442186507
46.44031289674972, 6.0945150837888225
50.792731787837106, -0.6189937482355548
45.4527714845225, 7.049496955842241
51.891403555532776, 0.321486293698926
46.27161071817069, 6.713686823697156
50.74008159944688, -0.5895698180437998
16.630737722741316, 110.54238826852264
51.60247599468019, -0.771187484036234
45.94306284287056, 7.023171124228971
51.37113927867741, -0.27098115812258694
45.119035700374205, 7.445837386422897
51.86901166073982, 0.00911833205038981
46.851320092159796, 7.170811639136622
50.11262806196046, -0.3890153442033446
45.93782351080483, 7.764608590379143
51.47692936259676, 0.6610705793559732
45.422708099634924, 7.684841611198741
51.523736415378075, -0.15476038380607338
45.88288488648596, 6.920904298583172
50.27410833115811, -0.8526314794935277
46.347741412565654, 7.31911659155939
50.7079178041595, 0.14036413856304897
45.14000335764604, 7.424336977639901
51.472320570929966, -0.791390089626187
46.55475735711117, 7.553518432771831
50.533310826660575, -0.6296805441404822
46.245307982958856, 7.721801293638512
50.954831730656025, 0.45422530253346594
45.91598573168706, 6.781085461742752
51.62957669994358, -0.117614469853899
45.53576432854516, 7.832658723159712
51.9469295150296, 0.2255729483742881
45.41874682022443, 7.656945043989105
51.30109044270795, -0.1009489569996107
46.92194629042159, 7.378032498014354
50.18616430945456, -0.7466196900585425
45.48576767027791, 6.6405581110668805
51.57182279620815, 0.6593237010728628
46.811011013510246, 7.699065599611232
51.83343936105886, 0.8883755360238055
46.12440834900398, 6.837368643992418
51.11067236587232, -0.9860291356567852
46.779674036434315, 6.640778481708859
50.174920265891984, -0.9053496809259858
46.59770651057616, 7.770950863767367
51.930409666907266, -0.4372430511194092
46.43707181095912, 6.910650356748308
51.05756017801674, 0.11469959860417189
46.20141953256488, 7.157625794704072
50.8552741519492, 0.6575258700053392
45.35500572560841, 6.864929199470072
50.46193598069606, -0.4840541884123777
45.92805945497887, 6.236134115185129
50.50146003837169, -0.6841018911108265
46.62327583954632, 7.883491717595401
51.390486884180675, 0.8909789424352261
48.781527255744955, 3.8244231155458652
51.67756424050825, 0.6222721383647027
45.8497668383085, 7.870797578828776
51.91831295803297, 0.12119220391497376
45.89673476862402, 7.139040151562647
50.62458216398458, 0.6846411014082623
45.04761669944476, 6.1365590376115975
50.20663993692294, 0.3111668352288459
46.9171459104735, 7.3868978197426785
51.81105505072479, -0.1189756537900919
46.25808911591355, 7.24300874133505
50.56646947388577, -0.8156867646390966
46.93334316029055, 7.6132149772381155
51.25231195517027, -0.6324230272757438
45.43766900946756, 7.171582396114111
51.477299051804806, 0.9054719710792485
45.902892175605935, 7.994977389797462
51.40596290720814, -0.7283124081494448
46.39460328293177, 6.8490023134952125
50.303748070252034, 0.9484651981739356
46.444805225161716, 7.67218937668701
51.643547364268144, 0.9280158181521303
45.28036155383323, 6.790927903897231
50.729093440720625, -0.7540004782604721
45.88225407804713, 6.273346557501426
51.10090072976827, 0.9919961912323187
46.28650032270383, 6.356844607953846
51.84789837522489, 0.507162210973058
46.19526604211293, 6.293233311016834
50.7740326876691, -0.7075466317981254
45.12360394718675, 6.266082274740316
50.61783531635619, 0.780410021976643
45.44759524809829, 6.602166964214246
51.032572607265394, 0.0498523374097255
46.126021761788834, 6.267093984648203
50.91191816695782, 0.9836467218349485
46.54945719208177, 7.907838735072961
51.795127404877505, -0.3784303791719046
46.50990103774905, 6.683281013399344
50.81055709642725, -0.5665334540504723
46.9194425118991, 6.475916271832753
50.69619523320586, -0.4491585556401585
46.31902040681509, 7.733183257369758
51.13744322490633, -0.549215578646604
46.97774117754933, 6.25498022038422
51.9538027997657, -0.39459516431305564
46.6816380689532, 7.651652567370411
50.86918027670133, -0.9514492449344323
46.57975872814385, 6.27704464500724
51.39161446136636, -0.8492594696741274
-34.32703788851097, 11.06786144494049
51.17880616101551, -0.7808063397197973
45.516932938393964, 6.8132443051952745
50.579650567175406, -0.13096583238663206
46.666178035096394, 6.417487983117004
50.30131883056366, -0.8311657718194858
46.49120793635049, 6.3825073322293
50.69863666563988, -0.26683084109143484
46.13790479170607, 6.787658728087081
50.21110460332802, -0.3879385717664632
46.50803706720439, 6.853676010671602
50.2865119852727, -0.772977057806659
46.989611929109394, 6.419236674576369
51.7507769454198, -0.5098031668419274
45.517198112522436, 7.371805147544611
51.58709180517785, 0.857637265604144
46.54991838073001, 7.661774398603827
50.36047183457709, 0.7055712879026739
46.86783693915644, 7.812578348906988
51.69369488373286, -0.3464122242756986
46.761092688052024, 6.174170062847899
51.18614808302636, 0.17841616232130986
46.78429816569674, 7.270805014132067
50.3117958667044, 0.7282219822889902
46.40883372362719, 6.92208595888731
50.9912724347357, 0.4884697092534067
45.573722456164724, 7.773057761986848
51.82879085683568, -0.5045800084767091
45.739389160221435, 6.676982541976426
50.25663104584935, 0.6601716886642937
45.814553678302104, 6.074151818589263
51.63943667760789, 0.5205643344306341
46.0738535677219, 7.661941948675436
51.018401282380225, -0.00543327682035355
46.15188258075448, 6.492511451515671
50.8618120540105, -0.539460396626745
45.96253926473911, 7.603757814493857
50.11722433316787, 0.2196397528205114
46.13925071196544, 7.526227585851017
51.36855020743976, 0.17370826458880084
45.546923469204316, 6.086832082634942
50.854393158615906, 0.5244974249999443
46.20729484225233, 7.250771808743138
50.07020138892738, -0.3467458201502571
46.877305856333685, 6.045992075672249
50.54869486466328, 0.09510313442300644
45.1064413410776, 6.608253438156713
51.4341897578264, 0.616353931042223
46.533906180078986, 6.067983749840897
50.49181748560659, 0.9935881505890989
48.39511617728158, 3.2693830262446557
50.74055138611237, -0.5839292952771333
45.91726193100575, 6.689151949089168
50.63586737701405, -0.4772132337876076
45.663949269572136, 7.394577946186558
50.49426630508409, -0.3969513278795751
45.570658861625176, 6.544502160813541
51.35058285921432, -0.23624317211126167
46.84396375081897, 6.729365248332773
51.243981729271944, -0.11791607656924596
46.04097491718986, 7.881428450641323
51.651778431785374, -0.4817704815582087
45.43942309689278, 6.135388043374631
51.08104870380207, 0.19487082801927968
46.73338354412075, 6.098801404062229
51.424608807837835, 0.2826647840773344
46.94678163097373, 7.396117794345407
51.23372572044923, 0.6424951983929403
45.761124323178876, 6.113729443050661
51.655730601660736, -0.8363775463404513
45.451051236704146, 7.75291842816983
50.67741154684556, -0.8146520590574693
46.76897111489072, 6.1092484800081515
51.60352687718542, 0.263364768252512
45.42333907995767, 6.592130438469563
51.61211801981367, -0.8685629376130473
45.570530773731306, 6.147183149393815
50.37185852731459, 0.5466762393376139
45.95968844987908, 7.2143967577890535
50.58618574968539, -0.13393708890962497
45.67570018020879, 7.2024012321259665
51.01156693103685, 0.19301094941778563
45.95895419064431, 7.985704628631023
51.9529296065131, 0.4020551627453848
45.05000582934587, 6.024907479217202
50.4630318619989, -0.5220124040504692
45.73182856525192, 6.787593684892394
50.690836469389765, 0.6266105940941755
45.16929051210991, 7.528505439452632
51.69973808887803, 0.7758857723829486
45.21396482929887, 6.655234520187265
50.36137911971977, 0.23699336937974214
45.30611760293663, 7.457771476953272
50.20727470318696, 0.6056534091199108
46.9575376341508, 6.083653130641039
50.88633766269044, -0.6743504896097052
45.27726249244224, 6.129486231699367
51.8141411046562, -0.5323734912918363
45.68148740389647, 6.330378328952653
51.589541536801605, 0.6555612528959476
-54.605489792558465, -50.520602362273365
50.87914638482492, -0.08608077396804181
46.225448333999154, 7.127256103635165
50.00821564425909, -0.20024205965392605
46.38077352465348, 7.249341290888928
50.67035409369986, 0.9696082970802733
46.42000196799668, 7.937100089269965
50.4193161012941, -0.6039968845974777
46.95285443577111, 7.421377056346378
51.796737345281, 0.22412009286490409
45.35764945224806, 6.01851148627407
50.35243497438242, 0.019074594603377237
46.955195196680016, 7.306144101099396
51.805531784077736, -0.6253262672634552
46.89963825908215, 6.582955260779002
50.67607433837978, -0.09211536085594485
46.413244466351735, 7.1248653518093015
50.46087337544679, 0.20389300006838496
46.71709887837184, 7.200447147329922
50.24925127935962, 0.4545782827957392
46.71839661781957, 7.018210854215084
50.88620071635922, -0.9989026095778542
46.31901211597964, 6.699483056868303
50.916211180179225, 0.35499453587515917
45.71387274647998, 6.2107816331234
50.042510548555576, -0.5602687134436526
46.93666736358584, 7.521824246327057
51.49660594209382, 0.22197081094041216
46.526934780122126, 7.3599797668839635
50.31017665930114, -0.2748547368542469
46.12186390660102, 6.32664203960788
50.82353854629968, 0.468057057554357
46.813771324289895, 7.114043581166889
50.77185840536397, -0.3406616202271153
46.97054321515947, 6.121341072542638
50.780951230058854, 0.6852582791795978
45.09341145750231, 7.976560843104722
50.47436915261503, -0.23374064947759243
46.34937153642884, 7.165126690793196
50.118967732733935, 0.48875270768637247
46.18798017363534, 6.143521991635506
50.838756250096466, -0.48428521197468877
45.44678209692836, 6.272210971510424
51.27224029597319, 0.33084862971645435
45.919176178715496, 6.137685318528296
50.16063099384503, -0.23966682377917703
45.47546511518013, 6.013566620846338
50.86249964656503, -0.02098089132914871
45.557419385495955, 6.145617819615975
50.76141958334246, 0.2311583692904733
48.959465500280444, 3.029325749209508
50.41972112599064, -0.32684044360622444
45.49966664119284, 6.432458601649525
51.75323891165353, 0.2170546982015289
46.54060296642343, 7.889547280493658
50.8733671357195, 0.055523590004363355
46.73048483306366, 7.303294242119918
50.37219776913129, -0.7170790382692307
45.979696338071314, 7.9939442037153245
51.808801967383964, 0.04547263287104042
46.00603749498131, 7.757769329566597
50.95499634628644, -0.21195354158036417
45.76436459356955, 7.7886177895140065
51.15754417060347, 0.934786866790086
45.60030194711528, 6.201156887325903
50.09370489197216, 0.8604424174333465
45.025901247840146, 6.790750465031781
51.165140883215514, 0.4719359055397545
45.14365899237042, 7.235326684212207
51.683604188347104, -0.3430500451307714
46.774383263087906, 6.271582008187397
51.383872234642816, -0.2116345786004099
46.06964516330768, 7.596543942817229
50.018901299544616, 0.7071108808001305
45.964579359158556, 7.631992559727117
51.10141880010172, 0.9290853306511271
45.766835852086984, 7.930971613753016
51.50955911959167, -0.7990206386152197
46.14563393058469, 7.647157346823169
51.69284934328786, 0.8298662059678181
45.29363988059097, 6.037677995835615
50.894623370241625, -0.2174376348385081
45.9572995852946, 7.077083293263982
50.620991182802825, 0.5099346236395137
46.015314928362656, 7.876003227550301
51.853676708245004, 0.6947966425930252
46.685089170625275, 6.492758683923048
50.72211116162894, -0.06654091049965039
45.19165141188934, 7.447159769134785
50.67237378745186, -0.7823206168722392
45.15251106393464, 6.365211329095202
50.80142429547491, 0.1676955414279988
45.0588330524635, 6.170461019149768
51.38988464442526, 0.46310362150688844
45.61425967867411, 7.288925899218239
50.426803187291476, -0.3366751379469177
45.260792970319194, 6.480478911231287
51.43182910203703, -0.4622834425926312
45.86856696010234, 6.188864112205086
51.93122739909661, -0.477467881069344
-13.00909892962575, -175.34103761352378
51.34044560861053, 0.6174113418105247
45.88837033496356, 6.983515364665468
51.539220631786115, -0.5731201212954153
45.174140621960966, 6.970861384539828
51.563492146004485, -0.7780298334025744
46.90462666014997, 6.728458848626255
50.60823104238343, -0.16558991367544396
45.29229311988993, 6.5392976743178375
51.03035350552415, 0.5488423172524586
45.39915081611005, 7.9988084474131895
50.75946278004485, -0.8310651150239581
45.37757045192838, 7.9359124105733905
51.41525599275722, -0.10342763470650174
46.21755051973489, 7.4127251772431855
50.424538922790504, 0.6445496402450663
46.398252340906716, 6.379723400759775
51.09386106431361, -0.1457961703434283
46.81569552476705, 7.75495045968406
51.895900902534656, -0.2753892217159213
46.22626874493, 7.0415590274560245
50.85360023678753, -0.017193131275451856
46.04147592681713, 7.520195601668144
51.05203465058362, -0.239235878668153
45.443184792520704, 6.591283142402565
50.10292235835856, 0.992130510382041
46.249154638774435, 6.732714419911501
50.5981445597255, 0.8688944599314536
46.17450332496179, 7.797447014838423
51.16782429782692, -0.47042755376294454
46.79809480254927, 7.326887511873125
50.559371264044955, -0.9552068569186223
46.69631829349458, 6.12622429576317
51.049852051912026, -0.2358244467617603
45.2382794461293, 7.056016060466414
50.55749915185534, 0.2697989534560816
45.120784324372124, 7.109861422343485
51.24099293522301, -0.9703003163877686
45.57615156735371, 6.944324623017336
50.2755004323108, 0.8499295933916402
46.22563891419482, 6.063299558808079
50.59930564628503, 0.673336288980019
46.55310544585776, 7.275121419970582
50.49887767591663, 0.2778615369499331
46.3895459860318, 6.834646618120264
51.12891750126485, 0.40120046564350687
46.231903411890414, 6.549284814744922
51.52268800649075, 0.4245610692276389
46.79844662809691, 6.0446264332163
50.070497869851735, 0.1217235387779596
48.38267330302882, 3.83963618399051
51.00084572109676, -0.9263032259236523
45.56123281314691, 6.2446478621687875
50.17659771391991, -0.29650811574606384
46.93733522737628, 6.94576160130143
51.70488572280235, -0.2414059632282226
46.31989738529254, 7.145880005556945
51.64882269301731, 0.5889443896014708
45.362419907627135, 7.426025797153169
51.06801520719363, -0.8918411414208984
45.30570257777669, 6.855130806463888
51.34878461920974, -0.9158464166759634
45.19691510808819, 6.896167863395834
50.73023477153992, 0.359917303776238
45.929320911535015, 6.446898148750814
51.96173749056735, -0.430433896480076
46.256620702063785, 6.026683238599453
51.204289878195105, 0.7318641026378958
46.8893674746453, 7.987405299230096
50.45558188895545, -0.705773374463718
46.085753296195996, 7.848232622106679
50.557031790025036, 0.1566094142772103
46.27082688385753, 7.204631161839412
50.32816343558866, 0.024313232825511566
46.624464353997524, 6.622481915761927
50.64355666190079, 0.4440750153022257
46.257366286084995, 6.953347076502974
50.53859094664642, -0.6757499284663033
46.29278224993041, 6.267470293758441
51.16425652468485, 0.3937921789386034
45.307884801241705, 6.901900226814787
50.722505205372755, 0.18703642770510642
45.29722170900799, 7.027426204839996
50.294332823299115, -0.990107208948579
45.43124253350625, 6.69202865071481
50.72314539309363, -0.5111022143741131
46.51739652220173, 6.037234790242089
50.97428486464388, -0.4942925854103657
45.982704244414165, 6.392137910345694
51.04796223565238, -0.7495347757238933
46.96817428196962, 7.884819606422849
51.23939536540462, 0.8000630909518012
46.206821885007116, 7.331536413786186
50.53178324450597, 0.2795321201666614
45.98343098754084, 7.380367996825394
51.44018166329295, -0.6337487945642815
46.80930491602962, 6.035677930553048
50.966961309098394, 0.4583258206440399
45.90917941501663, 7.896643230065129
51.381391191906275, -0.6806058918961595
26.464685367710914, 175.41465687133484
51.66647558498679, -0.1625421725507148
46.542837096741394, 6.759472459781578
51.539120827875195, 0.19967513727833208
45.12175348821375, 7.584459628009773
50.83061092413316, -0.39711867542856094
45.27148897384242, 7.4825055143634165
50.715964872106795, -0.4740306584922065
45.40588185356495, 7.890574643230387
51.638672326748875, 0.7647074161830671
46.79146502304391, 7.34513728156772
50.834187420017976, -0.8796765251183265
45.60557741149073, 6.764496886203827
50.51959910503286, -0.6939729497700142
45.943929373646554, 7.14755531882407
51.68195141484815, 0.3034591489111915
45.26310267830015, 6.340193049848358
51.13594834530319, 0.5572323363616145
45.9065288425481, 6.346132426269588
51.92833451447458, 0.28028080552898493
45.12428883245906, 6.488223447781382
51.24813203030407, -0.8209041158706785
46.574426647758614, 7.55560458594757
51.59170493348475, -0.5208454554641864
46.04778509153852, 7.372877399700203
51.584743665409896, -0.7062579028336908
46.11818393149134, 6.380944858065259
50.14609160145919, 0.604218744922808
45.72663397567613, 7.194217417449328
50.66834011793579, 0.33176184729453806
45.38601626454822, 7.677544362226769
50.397541133936976, -0.5472705912701243
45.33487785557067, 6.828885733928368
51.625594591197746, 0.38824406425652347
45.08385069511165, 6.783428961617622
51.667919329865555, -0.5106350997917455
46.58644814340089, 7.258372859445323
51.40706812229962, -0.4557957465277849
45.05691831775889, 7.668960994692229
51.87788407908715, 0.728577681151525
45.63548338668236, 6.370164357682001
51.92586582893474, -0.30980777084865885
45.39702231061602, 6.301678306979743
51.46866938638949, -0.774475006441975
45.35328398484935, 6.01230684236614
50.28828231182782, -0.7432121186209963
46.38764563407201, 7.187323163356447
50.153349752989, -0.9728569927716242
46.70682204605326, 7.6306247964092835
50.12206926926627, 0.7679324611439575
48.18271272097912, 3.173886773355567
50.63290234982409, -0.024814371065624785
45.33562330780171, 7.199648659022481
50.412809612149005, 0.4524616300193489
46.48168391181812, 7.599433236874988
50.94023810903863, -0.6581987253093537
46.01030523373304, 7.294278360412036
51.189529056784764, -0.8509152135745692
45.09164355118008, 7.538717190109474
51.31844917446721, -0.3715683044708542
45.3471780879835, 7.212296094268114
51.973464457720006, -0.004964414142473839
45.36063642519454, 6.13069510432058
50.38275738870788, -0.7291546787021366
46.763463260449825, 6.972779732539689
50.107660651162554, -0.9386315913537158
46.797548468659166, 7.065421209896391
50.76736092084279, -0.6704660617048035
46.46331307260277, 6.338241222865439
51.948107715619415, 0.9235732592929471
46.0343486331087, 7.911304529390614
51.34070798638035, 0.7927645929928169
45.94857168631692, 7.2510415994716615
50.287168570245086, -0.8330963394986768
45.67193528464554, 7.760377174363666
51.91785647641879, -0.21158779148672746
45.7080159480523, 7.238695415469878
51.10481320601197, -0.5944689290793745
45.18043734315518, 7.138925700954818
50.35785244934236, -0.5245232633072434
46.04522939430565, 6.968969933543006
51.11073508936153, 0.17403756260734737
45.75145080610056, 6.946145952339478
50.20879824899116, 0.4315601468899479
46.94599260368658, 6.64175737937049
51.97018353983895, 0.008715287724841092
45.57419723365615, 6.78273523618122
51.58897685381947, -0.317563372094509
46.58033493857994, 6.222741806304921
51.17036136399047, -0.31991367794288283
45.4614128455343, 7.24355181002517
51.16135116725497, 0.2576446325020152
45.416006433601694, 7.7118711943433205
51.44775887573052, 0.12876049451000426
45.77641562752997, 7.992599729605509
50.452830065277546, -0.8966065046231217
45.23434065228646, 7.672683480155685
51.981862743992174, 0.7790508967544856
46.41892891166209, 7.220487950457058
50.156502343188, 0.011340458926220709
-48.03071887574062, -109.80148306046718
51.48421346467073, 0.9149698813920799
46.05236065586187, 6.083477606890708
51.51397659879727, 0.0943182078152669
45.37952963327245, 7.109747816523397
51.50031895651751, 0.4022522705460345
45.01651522940568, 6.174814657883285
50.93719268995164, 0.3472134394599842
45.10309680590546, 6.731883311747495
50.22451326123058, -0.83409012578693
45.290426387310255, 6.973660294298988
50.984553079185375, -0.7466715523126375
45.22729569252966, 7.347328455857139
50.53926815553155, 0.8688941139136612
46.198171907826286, 6.323078176893525
50.024964291486164, -0.27280842460468246
46.77800141501373, 6.999767264721921
50.42409549330749, -0.7256427995734274
46.163122192095585, 6.803253141162814
50.174895116067404, 0.8114875304120959
46.705643658035456, 6.720258413242163
51.84697540731263, -0.2379761910935172
46.296772655292976, 6.408115013871919
51.102140697474034, -0.8711421783116193
46.499839929259814, 6.691949376665378
51.67801629521321, 0.0858593103789056
45.23361518885707, 7.727468579166006
50.30046315349955, -0.9935008934693683
46.95094830628141, 7.24340436390859
51.38557321932818, 0.30414089660834254
45.880432064939235, 6.970465102459026
50.788337325438256, -0.824993099903343
45.55560206250156, 6.197772223718702
51.868028102948486, -0.7989301642061768
45.268963773201946, 7.264879105668645
51.19826949895346, 0.6812552939520702
45.30342364716341, 7.460611597071394
50.12254324450201, 0.7591777301467335
46.28533592787695, 6.405133236310501
51.37747337315926, -0.020487709958588063
45.74636518404513, 7.999843978342677
50.83870171827949, 0.6877720216657472
46.861590600598426, 6.65106501797545
50.24167130041439, -0.3914398893715514
45.05059888992908, 7.6995166210324495
50.28917742626082, 0.9649836911542506
45.853163015983284, 7.055931036344925
50.58338772258352, -0.13899553443451618
46.01254136776039, 7.167987876423468
51.10704804469197, 0.6345049612074025
48.833849239258626, 3.181296556471441
50.63055068819973, 0.6524694466890888
45.95599557722041, 6.733074216502677
50.5065322408986, 0.2863065098366844
46.63906168858024, 7.102958091185366
51.49147908043635, 0.89071381936101
46.95546499554057, 6.615222652749619
50.423620523462475, 0.9316264926322628
46.65429061567791, 6.74433785235056
50.02459534383438, 0.917744219978567
45.64504917278834, 7.7603635792639745
50.74621749416621, -0.40017833488571286
45.065498898039884, 6.474788958945597
50.677908397521605, 0.28745080131459244
45.504353953402834, 7.027087107878107
51.516627716909085, 0.8202531276777871
45.99705638166804, 6.551077476850118
50.00149367297585, 0.8184629756767876
46.34216011864113, 7.0786007870861605
50.8670284783466, -0.2901559518010426
45.365552472303946, 7.411257620949141
50.5556180305447, 0.26874316968297274
46.88589836941946, 7.9686118256967635
50.95405688754502, 0.35352426420064464
45.97350128208703, 7.176937587376938
50.52727010102299, 0.45749986879032933
46.63170876753111, 6.436229595035529
51.34028726182011, 0.9707209972770094
46.12722538545263, 7.699271345717083
50.24773986307642, 0.11959200621853805
46.494819106173026, 6.981718426124663
51.29662981825019, -0.7834975081671129
45.269673642525866, 7.058531930195656
50.971553641413884, -0.4526633581259041
46.72927910327161, 6.144719386248997
50.68875456550057, 0.9940017603961708
46.085819581809034, 6.29019686529649
51.503308609838726, -0.7770974487514182
45.44511962290391, 7.993326462847809
51.41999571693058, 0.4610336820463712
45.891577179939894, 7.399294440580546
50.05036670348728, 0.12185267260522248
45.90533490105022, 6.281429016805206
50.780943843427664, -0.5317678236810781
46.67743549334276, 6.516176777734872
50.52552102871781, 0.5606618801569656
46.43040577635847, 6.424389576292322
50.88849351647194, -0.30994789933185385
45.01720073434321, 6.017564037463293
51.007991873560655, 0.4271751739002625
25.165535075449156, 46.21189534106642
50.26725501340386, -0.9156231548042195
46.090466701232344, 6.196664955224206
50.609017337506174, -0.4286588433819185
45.85203193355089, 6.791724763754205
51.90332378652087, 0.17339394326251845
46.848846350619525, 6.666536832075984
51.0497697479643, 0.336168993047933
46.001405169694216, 6.862581782846544
51.65473745164985, -0.9788271240513462
45.336056177598955, 7.226171793923655
51.60085266086564, 0.25520492040978393
45.33491798695708, 7.947360039941792
51.43126159258816, -0.16167289066609491
46.464341487074364, 6.8658078150569875
51.702921850561786, 0.05532343919516047
46.88228006252393, 6.164518394604357
50.85987901773616, -0.856123322818688
45.89444334837075, 7.383196141161129
50.27466039133927, 0.44515974182807017
45.63621514275471, 7.3393009869141554
50.23295133146966, -0.06646561763364045
46.439325520353165, 6.212257441434148
51.62240790302077, -0.9189084320597374
45.911470371315865, 6.953674618455512
50.48152758599077, 0.28042133435656513
46.34388210557413, 7.8545694655802345
50.59852517858181, 0.037882323553981134
46.13747980489558, 6.698445668055347
50.803600671124464, -0.24484766564538574
46.774197057817965, 6.4011220839590495
51.784043803612136, -0.9586091912304611
45.60874455089127, 6.971896358037165
50.29724295295181, -0.84732252219335
45.590463443493526, 6.74220346658445
50.26926653355109, -0.6721243723645609
46.75571294089259, 6.495930456586287
51.38328636699364, -0.5937231978860495
46.18461223770635, 6.055131598604115
51.6136883625579, 0.06642120050907763
46.37967008938022, 6.273334216194232
51.780197841096744, -0.3952193374345703
45.26180881260412, 6.8796941722222575
50.5913565724898, -0.5301265714814303
46.04790105042191, 6.6615830799829014
50.67059471259721, 0.1590475498872026
45.984289305108426, 6.08752260109379
51.54295019283375, 0.1922589973107489
45.883072085359714, 6.298484009003535
50.18350930651605, 0.20521357016833752
48.733478526060175, 3.3635407966936186
51.34509778735881, -0.7077044490345408
46.95250861790047, 6.704330298061567
51.50670383693807, 0.5258798025433988
45.46503829550686, 7.603817058742365
51.47653325672045, -0.20892300334873526
46.03939943558677, 7.171536227993714
50.94883418080863, 0.6786551933742946
45.45834623062167, 6.6526524853114815
51.5462135299948, 0.9058418180295251
46.192327192681056, 6.98578436022144
51.942091829137034, -0.013932415735739667
45.532534172703194, 7.54232731300578
50.53765090094712, 0.2682107823492814
45.25448147557262, 7.52234430552873
51.88524769007405, -0.42959057179520954
45.552278342492436, 6.10692562245236
51.33630572639327, -0.01918826812853025
45.17065723485069, 6.476572637019649
51.42199253451311, -0.4702334244257893
45.28371751049505, 7.497075623407928
51.28894825717332, -0.14676737957881558
46.00980116373872, 7.9306163157272564
51.298684223567456, -0.0006770256322099488
45.713770947035925, 7.278278795415002
50.7206737164735, 0.6338813565247665
46.82896380905832, 6.3826185431282365
51.823808192135296, -0.7769384925468237
46.39257328832313, 7.919214028373104
50.782588260533466, 0.5290780481603676
46.417643212686045, 6.703623028313402
51.30383952969094, 0.2731564836502578
45.13681255728637, 7.1671086090103815
50.823847276384924, -0.35229047508434364
46.36476943894705, 7.2953356045773345
50.057631436493224, 0.12710887814790928
46.35516135573105, 7.300023063165452
51.60529412889245, 0.471973193396817
45.8934287262342, 6.154226546955317
50.64964065622517, -0.1368700134518781
46.74212431072009, 7.979890459599028
51.78844200596039, 0.3703234467871934
45.39196810255762, 7.510851705098804
50.344866897390204, 0.13044461143255726
45.81753749781505, 7.341531327480462
50.04524541468101, 0.18434784348694655
46.89818522979822, 7.702909811856925
50.237761819690675, -0.3358310607850714
46.98526255342105, 6.476252396295348
51.18586650090335, -0.08595068918730409
71.7830188488876, 166.67377217967623
51.809988863829574, 0.4594213094389108
45.641986468513515, 7.573229118553576
51.11303339598317, 0.32941017252637583
45.018739537319824, 7.418727557750552
51.652066975569, -0.6598632802217983
46.35458642474442, 7.277355490677147
51.59759941820149, 0.7026418549609874
46.51331938896346, 6.807353883562463
50.071571293447384, 0.9461966988305104
45.8259429512671, 6.93391302146373
50.04780073189381, -0.207665188861049
46.27447493730415, 7.0954651677925344
50.2741738937404, -0.5082653237822818
45.401779107537244, 6.720789721819731
50.68313323709053, -0.18263309016425744
45.69274130355292, 7.705443144623694
50.2615709775585, 0.9432998956359187
46.157285694390076, 7.5063314881676515
51.440520165038556, 0.2649262455832859
46.167059037965174, 7.674751641331981
50.171975734574644, 0.0977462092587702
45.24301288584965, 7.8034623354439825
50.53863356453792, -0.07916831223732768
46.93707065658456, 7.886718089394607
50.67284481135838, 0.16982591426046834
45.3656595410364, 6.777961256425039
51.85316700027888, 0.5780504649791876
46.27333592145007, 6.875031444493502
51.22863367854413, -0.34504714821240134
45.653072892404836, 7.787913390097378
51.65202274049434, -0.7113679071338221
45.76728621403978, 6.62390109351514
50.310826546693775, 0.997807821157179
46.41194130705663, 6.820905466133876
51.635050267554284, 0.39365158831714453
45.23915275793287, 7.375974109409414
50.119764097792874, 0.6535835206990521
46.65816748074559, 6.423733038371818
51.092598812737336, -0.4042689296231323
45.929480456228966, 6.353513695036247
50.39069967459139, -0.8822051383896532
45.32423738157255, 6.228302085434227
51.82447687861908, 0.08102995087216791
45.94781734676883, 6.889379243046264
51.96006804258964, 0.39406132176198017
46.0606980539092, 6.308603116227567
51.210052000891864, -0.9667377155787524
46.45085066889897, 6.511923118474797
51.47063958900411, 0.25180035574795845
48.241138791388316, 3.2762273947534677
50.68088433638151, -0.9349051787418317
45.585149093569605, 7.760145101045281
51.885404058180015, -0.4262049942192008
45.83082140579971, 7.478030596568762
50.65103078682609, 0.07945490090949536
45.31251840956269, 7.295490994576173
51.55898151640954, -0.4312772063765413
46.005177403962044, 6.669843881085093
50.31672121909275, 0.3107471175946175
45.101271026068176, 6.845822788272389
51.87035605785762, 0.608847070564086
45.04026874867676, 7.330129579405167
50.77755463684822, -0.09858753791249586
46.11492080652873, 7.290245515164559
50.69162684301767, 0.2391341748738085
46.34221173203537, 6.566364447376353
50.91517264890375, -0.31378425131862553
46.07600435176968, 6.039535146202235
50.32592203545084, 0.6129656855812324
45.657836587144345, 6.628740208063242
51.558400003934786, -0.7708323446652723
45.746593842028574, 6.495413066962892
50.63091867339833, -0.39728213160597203
46.286076376348205, 6.645449022662467
51.96691379372854, -0.1596830043122015
46.69846996122877, 7.357818259355432
50.82452137813076, 0.9317749165849971
46.10787478439614, 7.338187686421788
50.7641032856984, 0.29311594482160475
46.82484690033039, 7.641960050114023
50.4103580506131, 0.8586519546412454
46.37006681591286, 6.957136658166926
50.59281705001818, 0.2255808267669075
46.12199055125872, 6.769686718466038
51.471256136243376, -0.012032074190054587
46.21152265211319, 6.78530510368106
50.90432384455528, 0.8880127215527267
45.94071103096794, 6.794079107432709
50.19566960711065, -0.7641539644464452
45.69364097973873, 6.679640883301435
51.238981441528374, -0.2801609312226776
46.68047602775095, 7.541193304797403
51.88440432818992, 0.049887054746879045
45.71138093259511, 7.48411931826678
50.47128802838808, -0.9407263721726968
45.44426390803865, 7.778961647751965
51.38281752792718, -0.6260168497455099
46.91374156719241, 7.559958761154407
50.47743662768451, -0.29395718215900346
76.5335601936911, -72.65296651176716
51.893306228883596, 0.3707430301779193
45.42058900100954, 7.0827411408813115
50.4963459995895, 0.44673478090936247
46.12018377363429, 6.30160711120857
50.58321896367412, 0.703273093197637
45.09388042366248, 7.256224158229079
50.598937428167204, 0.06936697258433866
45.76206767984294, 6.6557980590745505
51.901369485535994, -0.1939615180445915
45.62009303912703, 6.516548144126611
50.72052079313978, -0.5961450714817038
45.68445788798141, 6.116573379651656
50.85928285327619, -0.14548060204783586
46.213420447068906, 7.5090895794197365
51.74361876165319, -0.31213762563969705
45.061736959111144, 6.555888362475137
50.314986030686455, 0.877239239895165
45.228832339645834, 7.202057178572386
50.88515712169292, 0.6591064452204476
45.090760858484785, 6.208837486052726
51.68402217503057, -0.02852884139952616
45.2570543794122, 6.029412931883968
51.156125228282484, 0.4745125147542413
46.019150947283364, 7.766442023089817
50.133759521501396, -0.5082428227253966
45.05171101871586, 6.414909099882562
50.7861799002208, -0.8149167164770477
46.2766090353358, 6.428207792506844
51.26552073901508, -0.6202427975891833
45.60924272165397, 6.326265890156412
51.7848785703833, -0.37613977126678044
45.41346287283442, 6.774753921043001
50.39343453778981, -0.6774851555616641
45.038342621158414, 7.317027144956796
50.737712424468064, -0.8206727280682355
45.923807234451374, 7.81011483532574
51.795528612346786, 0.27596799555753715
46.67237471313956, 6.753362571049182
51.71823655736854, 0.7862983673750947
45.91862838576464, 6.529814534668146
50.683576690180544, 0.6003580886786277
46.318663812520114, 7.239036869166319
51.3499646853467, 0.62448664467491
46.23956173927526, 6.347416446397969
51.2642647746927, 0.3580943230950375
45.019077026227, 6.108330931393153
50.423311225246685, 0.8631760286580676
45.59093333424279, 7.61490092756355
51.0044419685985, 0.4228388226836264
48.84136458562729, 3.2014373268628336
50.14644048299395, 0.5969077905657991
46.121871378050436, 7.503513546374414
51.57260743686429, 0.42097262837105176
45.122596498619544, 7.319932418344807
50.17135483188, 0.7104301994971471
45.439251273482576, 6.498829602938498
51.45326278907359, 0.871327097510471
45.48869477684714, 6.983883081150802
51.74781387464083, -0.8161572614929753
46.397463235586606, 6.620397393055236
51.23339285171561, -0.7914250899803346
45.60979347591092, 7.443957704520117
51.89227066126332, 0.20324330872489038
45.71216832621766, 6.22241137426392
51.25763132699962, 0.6306730450632143
45.60020238522045, 7.736003035811976
51.974800985378344, -0.13846750287572962
45.098573363199996, 7.428073033232536
50.85927881789014, -0.22560338983703
45.47684762728095, 6.149451958077568
50.355278358102765, -0.6741570441208149
45.569879693962136, 6.424570321238557
50.24675159425531, 0.4093504200570879
46.28658175239749, 6.904239578428099
50.847557733460974, -0.6010999360261495
45.84985970114036, 7.503347083574742
50.38952375921559, 0.5017272733142661
46.710906134866576, 6.81476670748477
51.42627365762604, -0.8697654515121058
46.276449892271735, 7.195479055978759
50.94930976623062, -0.7278698283851732
45.29352487440887, 6.717614808735051
51.352592454852676, 0.03543099840559183
46.387168546542426, 7.395752642563918
50.588059796469196, -0.7121167514179767
45.269153337771655, 6.600573936708456
50.366707511654376, -0.8596146247957079
46.3267326864762, 6.52263704681248
50.716443155511456, 0.9707048221070487
46.834452261119985, 7.802364586481976
51.12270601362816, 0.10810296920600826
45.62794471623974, 6.949539810254668
50.62629635420128, -0.8173961726086159
46.53155705101448, 6.564619129152517
51.9009336061999, -0.4135610337693132
45.72571984680882, 6.470150978580352
50.17938086720195, -0.3251163176714269
45.469820056220335, 7.423908075960642
50.19602191209638, -0.7916185772260882
