1180396800000
1219968000000
1244937600000
1282176000000
1312070400000
1346284800000
1383177600000
1395014400000
1449100800000
1459382400000
1187568000000
1225065600000
1252281600000
1272326400000
1294790400000
1351123200000
1373500800000
1417910400000
1440633600000
1476835200000
1172448000000
1217376000000
1250812800000
1283817600000
1302912000000
1332374400000
1359072000000
1403481600000
1430352000000
1474243200000
1189728000000
1222560000000
1261353600000
1291852800000
1308787200000
1350000000000
1382400000000
1415232000000
1443312000000
1479340800000
1196726400000
1226016000000
1249689600000
1286928000000
1298678400000
1353456000000
1385251200000
1412208000000
1426204800000
1452470400000
1196035200000
1208736000000
1256688000000
1286668800000
1316649600000
1351296000000
1381363200000
1393113600000
1433203200000
1467676800000
1192320000000
1205020800000
1257033600000
1262908800000
1295740800000
1332979200000
1374364800000
1412208000000
1437609600000
1458777600000
1182643200000
1229299200000
1255219200000
1273881600000
1322870400000
1348704000000
1373155200000
1406419200000
1435881600000
1458000000000
1169596800000
1214870400000
1233532800000
1272672000000
1321574400000
1352678400000
1358985600000
1404604800000
1446076800000
1468022400000
1198713600000
1223769600000
1254096000000
1288915200000
1313625600000
1335571200000
1386374400000
1392595200000
1448582400000
1478822400000
1184976000000
1209513600000
1241222400000
1287273600000
1305590400000
1329004800000
1382054400000
1418515200000
1433721600000
1480809600000
1177027200000
1226534400000
1256947200000
1271289600000
1306540800000
1329523200000
1365292800000
1407196800000
1448928000000
1462838400000
1174176000000
1217030400000
1261267200000
1293321600000
1297036800000
1346716800000
1369094400000
1415836800000
1432771200000
1474156800000
1173657600000
1224547200000
1235088000000
1266019200000
1316131200000
1351468800000
1357084800000
1388880000000
1427414400000
1476316800000
1194393600000
1219795200000
1242950400000
1273708800000
1302566400000
1342915200000
1375315200000
1413676800000
1433808000000
1467849600000
1178582400000
1220400000000
1234051200000
1280707200000
1294963200000
1351641600000
1371254400000
1415145600000
1442361600000
1479081600000
1188172800000
1202515200000
1250121600000
1282953600000
1308960000000
1342915200000
1358380800000
1414454400000
1426032000000
1456185600000
1174521600000
1219968000000
1232150400000
1287792000000
1322092800000
1331596800000
1374969600000
1409788800000
1444780800000
1454889600000
1171670400000
1208217600000
1236038400000
1269216000000
1306886400000
1332979200000
1377648000000
1389312000000
1433894400000
1473811200000
1193356800000
1209168000000
1259712000000
1278028800000
1313798400000
1352851200000
1363478400000
1403308800000
1424649600000
1472428800000
1180396800000
1221696000000
1235520000000
1286496000000
1318032000000
1339545600000
1378944000000
1390608000000
1448582400000
1478563200000
1174176000000
1228348800000
1235174400000
1272499200000
1317772800000
1331769600000
1376179200000
1401062400000
1431648000000
1477785600000
1190160000000
1214524800000
1239062400000
1272758400000
1301443200000
1342051200000
1385424000000
1417478400000
1422576000000
1458432000000
1182902400000
1223942400000
1262044800000
1291248000000
1309996800000
1342569600000
1387756800000
1390262400000
1436054400000
1470182400000
1196640000000
1212710400000
1241568000000
1264896000000
1308787200000
1334966400000
1382313600000
1403049600000
1441324800000
1480636800000
1179187200000
1206057600000
1258761600000
1269993600000
1303689600000
1345248000000
1377993600000
1398556800000
1435622400000
1462233600000
1186358400000
1228176000000
1242000000000
1273449600000
1324252800000
1341878400000
1378512000000
1406851200000
1420934400000
1477440000000
1195344000000
1222992000000
1232582400000
1274572800000
1318118400000
1347840000000
1372809600000
1417305600000
1449273600000
1479254400000
1175731200000
1218931200000
1247356800000
1262563200000
1312243200000
1349136000000
1384473600000
1409788800000
1445126400000
1481673600000
1195603200000
1204761600000
1231977600000
1290729600000
1319328000000
1353196800000
1372032000000
1417392000000
1420761600000
1466121600000
1194825600000
1215043200000
1249430400000
1271721600000
1297728000000
1340064000000
1363305600000
1410652800000
1421712000000
1456876800000
1182470400000
1218672000000
1233792000000
1271116800000
1308528000000
1351987200000
1381449600000
1413936000000
1443830400000
1454025600000
1168041600000
1214524800000
1247529600000
1268265600000
1300492800000
1350432000000
1358899200000
1392940800000
1443744000000
1471046400000
1186876800000
1212537600000
1248307200000
1290988800000
1296432000000
1335744000000
1369958400000
1399334400000
1433721600000
1464739200000
1178582400000
1218672000000
1256601600000
1275004800000
1297900800000
1348531200000
1381363200000
1395792000000
1446076800000
1453852800000
1181692800000
1201910400000
1243555200000
1268524800000
1304726400000
1334793600000
1373328000000
1390348800000
1424217600000
1456012800000
1191456000000
1212192000000
1261958400000
1273104000000
1320710400000
1344384000000
1362182400000
1397606400000
1451088000000
1475107200000
1196467200000
1213401600000
1242777600000
1286496000000
1299110400000
1332633600000
1361577600000
1407456000000
1441584000000
1452384000000
1169164800000
1202688000000
1235520000000
1281484800000
1307664000000
1328659200000
1384560000000
1402444800000
1424217600000
1465776000000
1178323200000
1202342400000
1234656000000
1293408000000
1310601600000
1355011200000
1368316800000
1400630400000
1449360000000
1455321600000
1196899200000
1224806400000
1253923200000
1288569600000
1298332800000
1337040000000
1375920000000
1400889600000
1428019200000
1461888000000
1170720000000
1204761600000
1246924800000
1281571200000
1311206400000
1352332800000
1383868800000
1399507200000
1448323200000
1477440000000
1183075200000
1227484800000
1259625600000
1283212800000
1309219200000
1350950400000
1369785600000
1392076800000
1438560000000
1480896000000
1191456000000
1215734400000
1241740800000
1281744000000
1296604800000
1334361600000
1369180800000
1392422400000
1421366400000
1478563200000
1185580800000
1205625600000
1239667200000
1277942400000
1306800000000
1342828800000
1363910400000
1407196800000
1432252800000
1452211200000
1176854400000
1215561600000
1261094400000
1286064000000
1299801600000
1330041600000
1369267200000
1391126400000
1432080000000
1452470400000
1176336000000
1207526400000
1244419200000
1281571200000
1319241600000
1336348800000
1378252800000
1400716800000
1420848000000
1459468800000
1193702400000
1227052800000
1249776000000
1277510400000
1318464000000
1344643200000
1384560000000
1405728000000
1451001600000
1470355200000
1181347200000
1200614400000
1252800000000
1266278400000
1306022400000
1349740800000
1375660800000
1401840000000
1431820800000
1471392000000
1171929600000
1212969600000
1235692800000
1280966400000
1295827200000
1355184000000
1367366400000
1394755200000
1427587200000
1458604800000
1195862400000
1229731200000
1234396800000
1284249600000
1306281600000
1326067200000
1369008000000
1410480000000
1430956800000
1473724800000
1192665600000
1218931200000
1250294400000
1293580800000
1298592000000
1339459200000
1367366400000
1410134400000
1438387200000
1451865600000
1198108800000
1207785600000
1234656000000
1288569600000
1300320000000
1326240000000
1385683200000
1400716800000
1426464000000
1454198400000
1169164800000
1200528000000
1259280000000
1286928000000
1302739200000
1327968000000
1370563200000
1409788800000
1429488000000
1459814400000
1177459200000
1225756800000
1254528000000
1292976000000
1296604800000
1349136000000
1362182400000
1408060800000
1444435200000
1473724800000
1181433600000
1224892800000
1261008000000
1279929600000
1306540800000
1329177600000
1362009600000
1393372800000
1435190400000
1479600000000
1178409600000
1211241600000
1260316800000
1269216000000
1306886400000
1339977600000
1361404800000
1399507200000
1431216000000
1457136000000
1194307200000
1222041600000
1257292800000
1279843200000
1303084800000
1334448000000
1358035200000
1412121600000
1447286400000
1476403200000
1172966400000
1221436800000
1233878400000
1282780800000
1325289600000
1329350400000
1376006400000
1418947200000
1427673600000
1482019200000
1170288000000
1204934400000
1233187200000
1288224000000
1319328000000
1335571200000
1359849600000
1413676800000
1449619200000
1475712000000
1192752000000
1204416000000
1253318400000
1273536000000
1317081600000
1356393600000
1360627200000
1389571200000
1425340800000
1452556800000
1189728000000
1200960000000
1259280000000
1264550400000
1305504000000
1332201600000
1360022400000
1408492800000
1444608000000
1454284800000
1175644800000
1218153600000
1243555200000
1277683200000
1321574400000
1354320000000
1388188800000
1412208000000
1436227200000
1467504000000
1187740800000
1204416000000
1235260800000
1284595200000
1299974400000
1337904000000
1366070400000
1403913600000
1422403200000
1452643200000
1173398400000
1220832000000
1244851200000
1271203200000
1321401600000
1341273600000
1376438400000
1411603200000
1423440000000
1464566400000
1181520000000
1204416000000
1239667200000
1286064000000
1307750400000
1340323200000
1382832000000
1394582400000
1437004800000
1468281600000
1179014400000
1223164800000
1235865600000
1273968000000
1319846400000
1326412800000
1369785600000
1405900800000
1437609600000
1459382400000
1185926400000
1210204800000
1241222400000
1291420800000
1320537600000
1332201600000
1380672000000
1419120000000
1426723200000
1470268800000
1182643200000
1210204800000
1245456000000
1275696000000
1302739200000
1355097600000
1358985600000
1411344000000
1444262400000
1453161600000
1175990400000
1207267200000
1248566400000
1268438400000
1296950400000
1339286400000
1363305600000
1392940800000
1438732800000
1462579200000
1173312000000
1207353600000
1260144000000
1269820800000
1319414400000
1330473600000
1360627200000
1391212800000
1451347200000
1473033600000
1184284800000
1201392000000
1249257600000
1283990400000
1313107200000
1350691200000
1375488000000
1409529600000
1438300800000
1452902400000
1190246400000
1212969600000
1257897600000
1286150400000
1322092800000
1325635200000
1361059200000
1405555200000
1447804800000
1473897600000
1180310400000
1212278400000
1238371200000
1263600000000
1309392000000
1327104000000
1361577600000
1405814400000
1445040000000
1478131200000
1171238400000
1203897600000
1231891200000
1274918400000
1319328000000
1328745600000
1357603200000
1417651200000
1447804800000
1454284800000
1173484800000
1227312000000
1254528000000
1293753600000
1303430400000
1331510400000
1363046400000
1400198400000
1450656000000
1455667200000
1174348800000
1207440000000
1231027200000
1271376000000
1300060800000
1327536000000
1384387200000
1410134400000
1448841600000
1455408000000
1182124800000
1201132800000
1248912000000
1271376000000
1312070400000
1349740800000
1377907200000
1413072000000
1450051200000
1474934400000
1195603200000
1223164800000
1260316800000
1287532800000
1323648000000
1349913600000
1374624000000
1394236800000
1420416000000
1461110400000
1173398400000
1215302400000
1240444800000
1266883200000
1299974400000
1330387200000
1377561600000
1411948800000
1446681600000
1472774400000
1183507200000
1219104000000
1252972800000
1282176000000
1316736000000
1330905600000
1382313600000
1399161600000
1433808000000
1455494400000
1198368000000
1216598400000
1235520000000
1273104000000
1320451200000
1337731200000
1374537600000
1403827200000
1448150400000
1478217600000
1170288000000
1205020800000
1236643200000
1270425600000
1314576000000
1335225600000
1362355200000
1418428800000
1435795200000
1467244800000
1169856000000
1225238400000
1250467200000
1277164800000
1312502400000
1330214400000
1367884800000
1405296000000
1433808000000
1475971200000
1183161600000
1206489600000
1246924800000
1292976000000
1315440000000
1331510400000
1358640000000
1396310400000
1426896000000
1452816000000
1187654400000
1221350400000
1245628800000
1290384000000
1316563200000
1338854400000
1362009600000
1403740800000
1451088000000
1457395200000
1185408000000
1203897600000
1256083200000
1266883200000
1317168000000
1355011200000
1379376000000
1408147200000
1421193600000
1471132800000
1185321600000
1216598400000
1249344000000
1287532800000
1318809600000
1340150400000
1382140800000
1418515200000
1437955200000
1473552000000
1194739200000
1226793600000
1243641600000
1285718400000
1312675200000
1335571200000
1369872000000
1393891200000
1425600000000
1472169600000
1169942400000
1203292800000
1253577600000
1283212800000
1310860800000
1341446400000
1363651200000
1408233600000
1448928000000
1471564800000
1187740800000
1200700800000
1261353600000
1270598400000
1295481600000
1327881600000
1387670400000
1402617600000
1425340800000
1453507200000
1189987200000
1211068800000
1233619200000
1291766400000
1312070400000
1345507200000
1381622400000
1406332800000
1434067200000
1478995200000
1188518400000
1228348800000
1260057600000
1269475200000
1306886400000
1351987200000
1385596800000
1397692800000
1443052800000
1454198400000
1175644800000
1224633600000
1254960000000
1286755200000
1311120000000
1349568000000
1378771200000
1395273600000
1441497600000
1451606400000
1186099200000
1220400000000
1231977600000
1290556800000
1312675200000
1333324800000
1358121600000
1396396800000
1445990400000
1480032000000
1181865600000
1201737600000
1258761600000
1287705600000
1313107200000
1327449600000
1363910400000
1406246400000
1450742400000
1472774400000
1182816000000
1212537600000
1260144000000
1262995200000
1305936000000
1329696000000
1366588800000
1411776000000
1448496000000
1471132800000
1172966400000
1210723200000
1237420800000
1279411200000
1312070400000
1347580800000
1386547200000
1413417600000
1430784000000
1463961600000
1198454400000
1214870400000
1253232000000
1286323200000
1319414400000
1326758400000
1387411200000
1419724800000
1428019200000
1479081600000
1187568000000
1226448000000
1236297600000
1278547200000
1305590400000
1340323200000
1363046400000
1404777600000
1442102400000
1461888000000
